39.6494
39.6484
39.6337
39.6321
39.6312
39.6185
39.6175
39.6046
39.6037
39.6026
39.6284
39.6271
39.6257
39.6245
39.6232
39.6219
39.6206
39.6193
39.6181
39.6169
39.6157
39.6145
39.6132
39.612
39.6106
39.6095
39.6083
39.6014
39.6001
39.5989
39.5978
39.5967
39.5956
39.5946
39.5936
39.5924
39.5914
39.5901
39.589
39.5132
39.5122
39.5115
39.4907
39.4897
39.4887
39.4877
39.4867
39.6242
39.6257
39.6275
39.6294
39.6318
39.6337
39.6356
39.6376
39.6395
39.6412
39.6428
39.6447
39.6462
39.6482
39.6501
39.6522
39.6538
39.6558
39.6581
39.6601
39.6621
39.664
39.666
39.668
39.6884
39.6905
39.6925
39.694
39.6963
39.6983
39.7001
39.6514
39.6534
39.6555
39.6574
39.6594
39.6621
39.9445
39.9253
39.9135
39.9097
39.8945
39.8907
39.8181
39.8143
39.8104
39.8066
39.8026
39.7949
39.7831
39.7793
39.7597
39.7441
39.7402
39.7363
39.7365
39.7328
39.7289
39.7252
39.7213
39.71
39.6951
39.6913
39.6874
39.6839
39.68
39.7241
39.7201
39.716
39.712
39.708
39.6766
39.6726
39.6687
39.7169
39.7129
39.709
39.6616
39.714
39.7101
39.706
39.7019
39.715
39.7109
39.707
39.7029
39.6989
39.7086
39.7045
39.7006
39.7019
39.6978
39.6937
39.6953
39.6912
39.6871
39.683
39.6929
39.6888
39.6846
39.7427
39.7383
39.7341
39.691
39.6865
39.6823
39.6782
39.685
39.6807
39.6765
39.6358
39.6403
39.6448
39.625
39.6243
39.6288
39.6334
39.6191
39.6237
39.6283
39.6329
39.6375
39.5744
39.5791
39.9342
39.9056
39.9106
39.8819
39.6504
39.6553
39.6602
39.6651
39.6799
39.6848
39.6898
39.6947
39.6997
39.7046
39.5877
39.5593
39.5642
39.5406
39.5455
39.5171
39.9244
39.9193
39.9128
39.9064
39.9023
39.8958
39.8411
39.8345
39.8296
39.8257
39.8191
39.8143
39.8101
39.8034
39.8015
39.7957
39.789
39.767
39.7687
39.7621
39.7554
39.7733
39.7657
39.759
39.774
39.7693
39.7626
39.7772
39.7706
39.7639
39.779
39.7729
39.7662
39.5927
39.5835
39.591
39.5988
39.5901
39.5975
39.6052
39.633
39.6405
39.6793
39.6888
39.6797
39.6718
39.6671
39.6766
39.6726
39.6691
39.6786
39.6734
39.6698
39.6794
39.6765
39.664
39.6595
39.6691
39.6523
39.6619
39.6592
39.649
39.6434
39.6531
39.6484
39.6406
39.6503
39.6711
39.6673
39.677
39.6575
39.6672
39.6637
39.6593
39.669
39.6469
39.6566
39.6535
39.6486
39.6584
39.6351
39.6448
39.6409
39.6275
39.6241
39.6339
39.631
39.6173
39.6141
39.6239
39.6683
39.6644
39.6741
39.6491
39.6589
39.6548
39.6848
39.6962
39.706
39.7166
39.7267
39.7366
39.6376
39.7306
39.742
39.7519
39.7622
39.7718
39.7817
39.7919
39.7999
39.8097
39.8205
39.6314
39.6412
39.8147
39.8246
39.8351
39.8655
39.865
39.8769
39.8868
39.897
39.9069
39.9168
39.9011
39.9151
39.925
39.9307
39.9416
39.9515
39.6761
39.6758
39.6872
39.6653
39.6767
39.6796
39.6689
39.6733
39.6773
39.6666
39.6781
39.67
39.6815
39.6808
39.6701
39.6573
39.6688
39.67
39.67
39.6815
39.66
39.6715
39.6695
39.6691
39.6806
39.6602
39.6718
39.6718
39.6605
39.6609
39.6725
39.6745
39.6644
39.6654
39.677
39.6555
39.6671
39.5932
39.6048
39.6046
39.6158
39.6274
39.6308
39.643
39.6546
39.6527
39.6766
39.6892
39.7008
39.7028
39.701
39.7126
39.8327
39.8592
39.8731
39.8847
39.8867
39.8899
39.9016
39.9137
39.9143
39.926
39.9383
39.9381
39.9498
39.9613
39.9631
39.9748
39.986
39.9886
40.0004
39.6133
39.6251
39.6252
39.6371
39.6175
39.6297
39.639
39.6249
39.6368
39.637
39.6488
39.634
39.6417
39.6554
39.6434
39.6552
39.6565
39.6683
39.6349
39.6467
39.632
39.6406
39.627
39.6388
39.6483
39.6601
39.6626
39.6744
39.7006
39.7109
39.7301
39.7419
39.7396
39.7514
39.6344
39.6439
39.652
39.6276
39.6361
39.6442
39.5877
39.5958
39.6052
39.5805
39.5886
39.5985
39.5728
39.5808
39.589
39.5642
39.5722
39.5819
39.5383
39.5378
39.5458
39.5458
39.5464
39.5544
39.5545
39.5543
39.5622
39.5625
39.563
39.5709
39.5704
39.5714
39.5793
39.5824
39.6403
39.6481
39.6493
39.6437
39.6515
39.6621
39.6507
39.651
39.6588
39.6457
39.6535
39.6621
39.6566
39.678
39.6784
39.6862
39.6951
39.7029
39.7122
39.7199
39.7204
39.7365
39.7372
39.7449
39.7538
39.7616
39.7708
39.7785
39.7776
39.7942
39.8118
39.8128
39.8205
39.8316
39.8393
39.8394
39.8583
39.8779
39.877
39.8847
39.7512
39.9594
39.9529
39.9471
39.9404
39.9338
39.9273
39.9211
39.9146
39.9093
39.9024
39.896
39.889
39.8816
39.8751
39.8689
39.8635
39.857
39.8508
39.8442
39.8377
39.8298
39.8232
39.8167
39.81
39.8046
39.7982
39.7908
39.784
39.7776
39.7638
39.7574
39.7834
39.777
39.7883
39.8071
39.8196
39.8132
39.5096
39.5151
39.5216
39.5294
39.5349
39.2956
39.3008
39.5489
39.5171
39.5222
39.5276
39.5334
39.5396
39.545
39.327
39.344
39.3493
39.3546
39.3604
39.3651
39.3704
39.3755
39.3811
39.3864
39.4917
39.4971
39.5025
39.5088
39.5141
39.5204
39.5253
39.5307
39.3451
39.4791
39.4845
39.4901
39.4956
39.501
39.5046
39.3525
39.3577
39.4615
39.4664
39.4717
39.4765
39.4814
39.4868
39.4924
39.371
39.3762
39.4639
39.469
39.4743
39.3898
39.395
39.4029
39.4218
39.4413
39.4495
39.4547
39.4686
39.4738
39.4826
39.5009
39.5196
39.5272
39.5324
39.5847
39.5898
39.5977
39.6158
39.6237
39.6288
39.6371
39.6557
39.6637
39.6688
39.6782
39.6876
39.6927
39.7071
39.7122
39.7203
39.6278
39.6241
39.6206
39.6175
39.6138
39.6582
39.6545
39.651
39.6924
39.6464
39.6428
39.719
39.7153
39.6588
39.7425
39.6748
39.6711
39.7694
39.7657
39.6872
39.7889
39.7852
39.6917
39.6881
39.6844
39.681
39.6774
39.6731
39.6692
39.6656
39.6618
39.8121
39.6704
39.6664
39.6628
39.6584
39.8317
39.6748
39.6713
39.6674
39.6639
39.6604
39.6569
39.653
39.6496
39.646
39.8587
39.855
39.6626
39.6591
39.6557
39.6525
39.649
39.643
39.6395
39.636
39.6322
39.6287
39.6447
39.641
39.6375
39.6341
39.631
39.6276
39.6234
39.6327
39.6288
39.6254
39.6222
39.6184
39.615
39.6115
39.628
39.6247
39.6213
39.6182
39.6149
39.6117
39.6086
39.6053
39.6023
39.599
39.5957
39.57
39.5668
39.5636
39.58
39.5768
39.5733
39.5696
39.5664
39.5619
39.5702
39.567
39.5804
39.5772
39.5737
39.5811
39.578
39.5744
39.5908
39.5876
39.5851
39.532
39.5346
39.5373
39.5399
39.5428
39.5454
39.548
39.5503
39.553
39.5559
39.5587
39.5613
39.5671
39.5698
39.5721
39.5743
39.577
39.5793
39.5821
39.5848
39.5442
39.608
39.6108
39.6135
39.6161
39.6186
39.6213
39.6242
39.6266
39.6293
39.559
39.5616
39.5708
39.5734
39.5761
39.5792
39.5945
39.5971
39.5916
39.5941
39.5967
39.5991
39.6016
39.604
39.6119
39.6008
39.6035
39.606
39.5909
39.5936
39.596
39.5986
39.6009
39.6034
39.6083
39.6108
39.6131
39.6158
39.6183
39.5909
39.5932
39.5961
39.5989
39.6013
39.6038
39.6064
39.6088
39.5971
39.5994
39.6018
39.6045
39.6068
39.5952
39.5975
39.6002
39.6025
39.6049
39.6073
39.6096
39.6119
39.6142
39.5988
39.606
39.6083
39.6106
39.613
39.632
39.6842
39.699
39.7012
39.7166
39.7369
39.7765
39.7787
39.796
39.7982
39.8136
39.8337
39.4942
39.4936
39.5149
39.513
39.5122
39.5116
39.5111
39.5105
39.5099
39.5091
39.5087
39.5082
39.508
39.5072
39.5067
39.506
39.5055
39.505
39.5044
39.5039
39.5034
39.5029
39.5023
39.5018
39.5013
39.5008
39.5003
39.5361
39.5355
39.5195
39.5191
39.5565
39.5559
39.5388
39.5767
39.5582
39.5578
39.6017
39.598
39.5973
39.6244
39.6239
39.6233
39.6187
39.6881
39.732
39.7312
39.7305
39.7956
39.7949
39.8166
39.8387
39.8381
39.8374
39.8605
39.8597
39.9254
39.9472
39.9464
39.9686
39.991
40.0127
40.0118
40.0351
40.0342
40.0332
40.0554
