-25.4195 78.8956
-25.4318 78.8959
-25.4453 78.8963
-25.3761 78.9138
-25.3914 78.9146
-25.4049 78.9151
-25.306 78.9311
-25.3195 78.9316
-25.1573 79.0134
-25.1708 79.0139
-25.1136 79.0316
-25.1271 79.0321
-25.1411 79.0326
-25.0169 79.0628
-25.0678 79.0695
-25.0813 79.07
-24.9498 79.0806
-24.9633 79.0811
-24.9758 79.0814
-24.989 79.0818
-25.0025 79.0823
-24.8735 79.1389
-24.887 79.1394
-24.8591 79.1584
-24.8202 79.1774
-24.832 79.1775
-24.8455 79.178
-24.7915 79.1962
-24.805 79.1967
-24.7765 79.2156
-24.7353 79.2342
-24.7483 79.2346
-24.7618 79.2351
-24.7071 79.2532
-24.7206 79.2536
-24.6922 79.2726
-24.6643 79.2916
-24.6778 79.2921
-24.6248 79.3104
-24.6383 79.3109
-24.6507 79.3112
-24.6105 79.33
-24.5429 79.3678
-24.5564 79.3683
-24.5687 79.3685
-24.5286 79.3873
-24.5027 79.4067
-24.5162 79.4071
-24.489 79.4263
-24.4489 79.445
-24.4214 79.4641
-24.4349 79.4646
-24.4078 79.4837
-24.3669 79.5024
-24.3798 79.5027
-24.3933 79.5032
-24.3392 79.5214
-24.3528 79.5219
-24.23 79.574
-24.2435 79.5745
-24.2165 79.5937
-24.1898 79.6129
-24.2033 79.6134
-24.176 79.6325
-24.1349 79.6511
-24.1475 79.6514
-24.161 79.6519
-24.1077 79.6702
-24.1212 79.6707
-24.0932 79.6897
-24.0513 79.7081
-24.0652 79.7086
-24.0787 79.7091
-24.0233 79.7271
-24.0368 79.7276
-24.0086 79.7465
-23.9832 79.766
-23.9967 79.7664
-23.9388 79.784
-23.9523 79.7845
-23.8557 79.8411
-23.8693 79.8416
-23.8412 79.8606
-23.7323 79.9371
-23.7458 79.9376
-23.7174 79.9565
-23.6767 79.9751
-23.6898 79.9755
-23.7033 79.976
-23.6492 79.9942
-23.6627 79.9947
-23.5753 80.0751
-23.5458 80.0938
-23.5593 80.0943
-23.5116 80.1137
-23.5252 80.1141
-23.5258 80.1123
-23.4725 80.1287
-23.4441 80.1476
-23.4576 80.1481
-13.0686 85.3488
-13.0822 85.3493
-13.0957 85.3498
-12.7578 85.3582
-12.7713 85.3587
-12.7849 85.3592
-12.9869 85.366
-13.0003 85.3664
-13.0139 85.3669
-12.7028 85.3762
-12.7165 85.3768
-12.73 85.3772
-12.7433 85.3776
-12.905 85.383
-12.9186 85.3836
-12.9321 85.384
-12.9459 85.3846
-12.9591 85.385
-12.9726 85.3854
-12.6615 85.3947
-12.6749 85.3951
-12.6884 85.3956
-12.8366 85.4006
-12.8501 85.401
-12.8633 85.4014
-12.5932 85.4123
-12.6067 85.4128
-12.62 85.4131
-12.6336 85.4136
-12.6471 85.4141
-12.5385 85.4304
-12.552 85.4309
-12.5655 85.4314
-12.5788 85.4317
-12.4705 85.4482
-12.484 85.4487
-12.4972 85.449
-12.5104 85.4492
-12.5239 85.4497
-12.4292 85.4668
-12.4427 85.4672
-12.4561 85.4676
-12.3745 85.4848
-12.3878 85.4852
-12.4013 85.4856
-12.3064 85.5025
-12.3199 85.503
-12.3331 85.5033
-12.2648 85.5209
-12.2783 85.5214
-12.2918 85.5218
-12.2102 85.539
-12.2236 85.5395
-12.2372 85.5399
-12.142 85.5567
-12.1555 85.5572
-12.169 85.5576
-12.1824 85.558
-12.1959 85.5585
-12.0873 85.5748
-12.1006 85.5752
-12.1141 85.5757
-12.1276 85.5761
-12.046 85.5934
-11.9778 85.611
-11.9913 85.6115
-12.0047 85.6119
-12.0181 85.6123
-12.0316 85.6127
-11.9366 85.6296
-11.9501 85.6301
-11.9896 85.6485
-11.8803 85.6875
-11.8503 85.7142
-11.8638 85.7146
-11.8773 85.715
-11.8089 85.7327
-11.8224 85.7331
-11.8359 85.7336
-11.7663 85.7709
-11.78 85.7714
-11.7935 85.7719
-11.6974 85.7881
-11.7109 85.7886
-11.7244 85.789
-11.7379 85.7895
-11.7515 85.79
-11.5116 85.7949
-11.5249 85.7952
-11.5384 85.7957
-11.5659 85.8071
-11.5796 85.8077
-11.5931 85.8081
-11.6065 85.8084
-11.3893 85.8105
-11.4029 85.8111
-11.4164 85.8116
-11.4301 85.8122
-11.3222 85.8292
-11.3358 85.8297
-11.3491 85.83
-11.2799 85.8468
-11.2934 85.8473
-11.3078 85.8485
-11.2251 85.8649
-11.2386 85.8653
-11.2521 85.8658
-11.2655 85.8661
-11.2092 85.9062
-11.2228 85.9065
-11.2364 85.907
-11.1426 85.902
-11.1559 85.9022
-11.1694 85.9027
-11.0744 85.9196
-11.0879 85.9201
-11.1013 85.9205
-11.1149 85.921
-11.1284 85.9214
-11.037 85.9418
-11.0505 85.9423
-10.9787 85.9565
-10.992 85.9568
-11.0055 85.9572
-10.9373 85.9749
-10.9623 85.9867
-10.9759 85.9872
-10.8694 85.9928
-10.8829 85.9933
-10.8964 85.9938
-10.8549 86.0121
-10.8273 86.0312
-10.8408 86.0317
15.9992 85.1156
-10.8264 86.051
-10.8399 86.0515
15.9846 85.136
15.9711 85.1365
16.3617 85.1576
-10.8122 86.0706
16.3476 85.1781
16.3338 85.1785
16.3196 85.179
-10.7845 86.0896
-10.798 86.0901
-10.7703 86.1091
-10.6321 86.303
-10.6457 86.3034
-10.6178 86.3225
-10.5904 86.3421
-10.604 86.3426
-10.5896 86.3621
-10.6033 86.3625
-10.5753 86.3816
-10.5473 86.4006
-10.5609 86.401
-10.5345 86.4219
-10.5064 86.4408
-10.52 86.4412
-10.5056 86.4606
-10.5192 86.4611
-10.4855 86.4731
-10.4574 86.4919
-10.471 86.4923
1.50051 87.6625
1.48679 87.6629
1.47328 87.6634
1.46005 87.6639
1.44706 87.6644
1.43355 87.6649
1.42077 87.6655
1.40579 87.6657
1.39228 87.6662
1.37844 87.6666
1.3644 87.667
1.35089 87.6675
1.33693 87.6679
1.32362 87.6684
1.31011 87.6689
1.29648 87.6693
1.28365 87.6699
1.27013 87.6704
1.25646 87.6708
1.24283 87.6712
1.22932 87.6717
1.29134 87.7086
1.2777 87.7091
1.2646 87.7097
1.25036 87.7101
1.23672 87.7105
1.22387 87.731
1.21096 87.7316
1.19732 87.7321
1.18437 87.7327
1.05176 87.7172
1.10468 87.73
1.09108 87.7305
1.12432 87.7396
1.11057 87.7401
1.0969 87.7405
0.971022 87.7201
0.957476 87.7206
0.943968 87.7211
2.59735 87.6842
2.58361 87.6846
2.5701 87.6851
2.5564 87.6855
2.54303 87.686
2.52951 87.6865
2.51528 87.6868
2.5014 87.6873
2.48789 87.6877
2.47496 87.6883
2.46114 87.6887
2.44762 87.6892
2.37957 87.6915
2.36606 87.692
2.35254 87.6924
2.31223 87.6939
2.29889 87.6944
2.28538 87.6949
2.09603 87.7014
2.08252 87.7019
2.06935 87.7024
2.05606 87.7029
2.04254 87.7034
2.0295 87.704
2.01556 87.7044
2.00205 87.7048
1.98905 87.7054
1.97511 87.7058
1.96159 87.7063
1.94765 87.7066
1.93448 87.7072
1.92097 87.7077
1.9072 87.7081
1.89352 87.7085
1.88 87.709
1.86717 87.7096
1.85366 87.7101
1.84014 87.7106
1.82617 87.711
1.81308 87.7115
1.79956 87.712
1.78571 87.7124
1.77232 87.7129
1.75881 87.7133
1.74551 87.7138
1.73153 87.7142
1.71802 87.7147
1.70434 87.7151
1.69083 87.7156
1.67732 87.7161
1.66331 87.7165
1.64946 87.7169
1.63595 87.7174
1.74121 87.7383
1.60814 87.7182
1.59463 87.7186
1.58141 87.7192
0.836331 87.7448
0.822823 87.7452
0.809582 87.7457
0.796685 87.7464
0.783175 87.7468
0.770008 87.7474
0.75612 87.7478
0.74261 87.7482
0.729194 87.7686
0.71644 87.7692
0.702931 87.7697
0.688668 87.77
0.674785 87.7704
0.661277 87.7709
0.64897 87.7716
0.635424 87.772
0.621915 87.7725
2.8329 87.7417
2.81977 87.7422
2.80622 87.7427
2.9105 87.7532
2.89699 87.7537
2.88273 87.754
2.86754 87.7542
2.85403 87.7547
2.83954 87.7551
2.82479 87.7553
2.81128 87.7558
2.92354 87.7725
2.94878 87.7912
2.93527 87.7917
2.96233 87.8106
2.98939 87.8296
2.97588 87.8301
