-9.41694 43.6212 1.5598
-9.98214 43.641 1.56543
-9.9686 43.6409 1.5653
-9.95511 43.6409 1.56517
-9.94143 43.6409 1.56504
-9.92813 43.6409 1.56491
-9.91465 43.641 1.56478
-9.90106 43.6409 1.56465
-9.88703 43.6408 1.56451
-9.87354 43.6408 1.56438
-9.86069 43.641 1.56426
-9.84623 43.6408 1.56412
-9.83274 43.6408 1.56399
-9.8191 43.6408 1.56386
-9.80644 43.6409 1.56374
-9.79295 43.6409 1.56361
-9.77903 43.6408 1.56347
-9.76573 43.6409 1.56334
-9.75224 43.6409 1.56321
-9.73851 43.6408 1.56308
-9.72502 43.6408 1.56295
-9.71153 43.6408 1.56282
-9.69843 43.6409 1.56269
-9.6847 43.6409 1.56256
-9.67121 43.6409 1.56243
-9.65777 43.6409 1.5623
-9.64467 43.6409 1.56217
-9.63118 43.6409 1.56204
-9.61773 43.6409 1.56191
-9.60334 43.6408 1.56177
-9.58985 43.6408 1.56164
-9.57641 43.6408 1.56151
-9.56297 43.6408 1.56138
-9.54948 43.6408 1.56125
-10.2657 43.661 1.56835
-10.1845 43.6609 1.56756
-10.1702 43.6608 1.56743
-10.1567 43.6608 1.5673
-10.144 43.6609 1.56717
-10.1303 43.6609 1.56704
-10.1168 43.6609 1.56691
-10.103 43.6609 1.56678
-10.0895 43.6609 1.56665
-10.076 43.6609 1.56652
-10.0623 43.6608 1.56638
-10.0486 43.6608 1.56625
-10.0352 43.6608 1.56612
-10.6986 43.6811 1.57271
-10.6851 43.6811 1.57258
-10.6712 43.6811 1.57244
-10.6579 43.6811 1.57231
-10.6444 43.6811 1.57218
-10.6306 43.6811 1.57205
-10.617 43.681 1.57192
-10.6035 43.6811 1.57179
-10.5894 43.681 1.57165
-10.5766 43.6811 1.57153
-10.5631 43.6811 1.5714
-10.5502 43.6812 1.57128
-10.5357 43.681 1.57113
-10.5222 43.681 1.571
2.96698 45.3806 1.45585
2.98047 45.3806 1.45572
2.99395 45.3806 1.45559
3.00735 45.4004 1.45563
3.02086 45.4005 1.4555
3.03434 45.4005 1.45537
3.08833 45.4206 1.45503
3.10181 45.4206 1.4549
3.1153 45.4206 1.45477
3.12881 45.4207 1.45464
3.14216 45.4404 1.45469
3.15564 45.4404 1.45456
3.16915 45.4405 1.45443
3.1827 45.4406 1.4543
3.19618 45.4406 1.45417
3.22311 45.4606 1.45408
3.23659 45.4606 1.45395
3.25012 45.4606 1.45382
3.30396 45.4805 1.45348
3.31744 45.4805 1.45335
3.33102 45.4807 1.45322
3.37129 45.5003 1.453
3.38479 45.5004 1.45287
3.39827 45.5004 1.45274
3.4117 45.5203 1.45279
3.42523 45.5204 1.45266
3.43871 45.5204 1.45253
3.45222 45.5204 1.4524
3.46581 45.5206 1.45227
3.47929 45.5206 1.45214
3.49261 45.5403 1.45219
3.50615 45.5404 1.45206
3.51963 45.5404 1.45193
3.53317 45.5405 1.4518
3.5465 45.5603 1.45185
3.55998 45.5603 1.45172
3.57355 45.5604 1.45159
3.58706 45.5605 1.45146
3.60054 45.5605 1.45133
3.61406 45.5605 1.4512
3.62741 45.5803 1.45124
3.64089 45.5803 1.45111
3.69488 45.6004 1.45077
3.70846 45.6006 1.45064
3.72194 45.6006 1.45051
3.77584 45.6205 1.45017
3.78924 45.6204 1.45004
3.80272 45.6204 1.44991
3.81624 45.6205 1.44978
3.8296 45.6403 1.44982
3.84308 45.6403 1.44969
3.85654 45.6403 1.44956
3.87011 45.6404 1.44943
3.88359 45.6404 1.4493
3.89716 45.6405 1.44917
3.91038 45.6602 1.44922
3.92386 45.6602 1.44909
3.93739 45.6603 1.44896
3.95103 45.6605 1.44883
3.96451 45.6605 1.4487
3.97811 45.6606 1.44857
3.99149 45.6805 1.44862
4.00497 45.6805 1.44849
4.01851 45.6805 1.44836
4.03203 45.6806 1.44823
4.04551 45.6806 1.4481
4.05876 45.7003 1.44814
4.07232 45.7004 1.44801
4.0858 45.7004 1.44788
4.09953 45.7007 1.44775
4.11302 45.7007 1.44762
4.1265 45.7007 1.44749
4.13973 45.7204 1.44754
4.15339 45.7206 1.44741
4.16687 45.7206 1.44728
4.18045 45.7207 1.44715
4.19365 45.7404 1.4472
4.20713 45.7404 1.44707
4.2208 45.7406 1.44694
4.23436 45.7407 1.44681
4.24785 45.7407 1.44668
4.26139 45.7408 1.44655
4.27461 45.7605 1.44659
4.28809 45.7605 1.44646
4.30171 45.7606 1.44633
4.31518 45.7606 1.4462
4.32866 45.7606 1.44607
4.34189 45.7804 1.44612
4.35549 45.7805 1.44599
4.36897 45.7805 1.44586
4.38256 45.7806 1.44573
4.39601 45.7806 1.4456
4.4095 45.7806 1.44547
4.42267 45.8003 1.44552
4.43628 45.8004 1.44539
4.44976 45.8004 1.44526
4.66535 45.8003 1.44317
4.67873 45.8003 1.44304
4.69221 45.8003 1.44291
4.70578 45.8003 1.44278
4.71944 45.8005 1.44265
4.73292 45.8005 1.44252
4.74628 45.8004 1.44239
4.75967 45.8003 1.44226
4.77315 45.8003 1.44213
4.78663 45.8003 1.442
4.80005 45.8003 1.44187
4.81353 45.8003 1.44174
4.47634 45.82 1.44517
4.48982 45.8201 1.44504
4.50335 45.8201 1.44491
4.51701 45.8203 1.44478
4.53049 45.8203 1.44465
4.54391 45.8202 1.44452
4.55772 45.8205 1.44439
4.5712 45.8205 1.44426
4.58458 45.8204 1.44413
4.59801 45.8204 1.444
4.61149 45.8204 1.44387
4.62501 45.8204 1.44374
4.63824 45.8202 1.44361
4.65172 45.8202 1.44348
-23.1353 45.9407 1.71286
-23.1218 45.9407 1.71273
-23.103 45.9403 1.71254
-23.1511 45.9609 1.71319
-23.2314 45.9808 1.71414
-23.2187 45.9809 1.71402
-23.2052 45.9809 1.71389
-23.2961 46.0006 1.71494
-23.2826 46.0006 1.71481
-23.2683 46.0005 1.71468
-23.3464 46.0203 1.7156
-23.3333 46.0203 1.71548
-23.3198 46.0203 1.71535
-23.3084 46.0205 1.71524
-23.4172 46.0406 1.71647
-23.4037 46.0406 1.71634
-23.3889 46.0405 1.71619
-23.3727 46.0402 1.71604
-23.3592 46.0402 1.71591
-23.4732 46.0607 1.71719
-23.4579 46.0606 1.71704
-23.4444 46.0606 1.71691
-23.4279 46.0603 1.71675
-23.5387 46.0805 1.718
-23.5252 46.0805 1.71787
-23.5131 46.0807 1.71775
-23.5008 46.0808 1.71763
-23.4873 46.0808 1.7175
-23.5936 46.1006 1.7187
-23.5774 46.1004 1.71855
-23.5639 46.1004 1.71842
-23.548 46.1002 1.71826
-23.631 46.1204 1.71924
-23.6186 46.1204 1.71912
-23.6051 46.1204 1.71899
-23.699 46.1404 1.72008
-23.6855 46.1404 1.71995
-23.6731 46.1405 1.71983
-23.7457 46.1609 1.72071
-23.7322 46.1609 1.72058
-23.7199 46.161 1.72046
-23.8329 46.1814 1.72173
-23.8194 46.1814 1.7216
-23.8025 46.1811 1.72144
-23.7896 46.1812 1.72131
-23.7761 46.1812 1.72118
-23.8669 46.2008 1.72223
-23.8534 46.2008 1.7221
-23.8405 46.2009 1.72198
-23.9158 46.2204 1.72288
-23.9049 46.2206 1.72278
-23.8914 46.2206 1.72265
-23.9404 46.2402 1.72329
-23.9268 46.2402 1.72316
-23.9963 46.2604 1.72401
-23.98 46.2601 1.72385
-23.9665 46.2601 1.72372
-24.0412 46.2807 1.72463
-24.1282 46.3012 1.72565
-24.1112 46.3009 1.72548
-24.0977 46.3009 1.72535
-24.1689 46.3212 1.72622
-24.1527 46.321 1.72606
-24.1392 46.321 1.72593
-24.2362 46.3412 1.72705
-24.2227 46.3412 1.72692
-24.2062 46.3409 1.72675
-24.313 46.3608 1.72796
-24.2995 46.3608 1.72783
-24.2886 46.361 1.72773
-24.2759 46.3611 1.72761
-24.2624 46.3611 1.72748
-24.2471 46.361 1.72733
-24.3591 46.3813 1.72859
-24.3456 46.3813 1.72846
-24.3259 46.3808 1.72826
14.9761 50.7602 1.38766
14.9904 50.7803 1.3877
15.0039 50.7803 1.38757
15.0175 50.7803 1.38744
15.031 50.8003 1.38748
15.0445 50.8003 1.38735
15.0574 50.8202 1.3874
15.0708 50.8402 1.38745
15.0842 50.8402 1.38732
15.0981 50.8403 1.38719
15.111 50.8602 1.38724
15.1245 50.8602 1.38711
15.1385 50.8803 1.38715
15.152 50.9003 1.3872
15.1655 50.9003 1.38707
15.1784 50.9002 1.38695
15.708 51.3008 1.38539
15.9089 51.4406 1.38469
15.9214 51.4604 1.38475
15.9349 51.4604 1.38462
15.949 51.4605 1.38448
15.9621 51.4805 1.38453
15.9756 51.4805 1.3844
15.9883 51.5004 1.38446
16.0012 51.5203 1.38451
16.0147 51.5203 1.38438
16.0297 51.5205 1.38423
16.043 51.5405 1.38428
16.0565 51.5405 1.38415
16.0692 51.5604 1.38421
16.0824 51.5803 1.38426
16.0958 51.5803 1.38413
16.1098 51.5804 1.38399
16.1225 51.6003 1.38405
16.136 51.6003 1.38392
25.2205 59.98 1.37061
25.234 59.98 1.37048
25.2489 60.0001 1.37051
25.2498 60.0202 1.37068
25.2641 60.0403 1.37072
25.2775 60.0403 1.37059
25.2918 60.0603 1.37063
25.3033 60.0801 1.3707
25.3168 60.0801 1.37057
25.302 60.1 1.37089
25.3155 60.1 1.37075
25.3264 60.1198 1.37083
25.3396 60.1398 1.37088
25.3531 60.1398 1.37075
25.3398 60.1598 1.37105
25.3532 60.1598 1.37092
25.368 60.1799 1.37096
25.3828 60.2 1.37099
25.3963 60.2 1.37086
25.4076 60.2398 1.37111
25.9111 60.9202 1.37229
25.9246 60.9202 1.37216
25.9365 60.9401 1.37222
25.9364 60.9601 1.3724
25.9482 60.9799 1.37246
25.9616 60.9799 1.37233
25.974 60.9998 1.37239
25.9763 61.02 1.37254
25.9928 61.0403 1.37256
26.0063 61.0403 1.37243
26.0187 61.0602 1.37249
26.0302 61.08 1.37256
26.0437 61.08 1.37243
26.0297 61.0999 1.37274
26.0431 61.1 1.37261
26.0564 61.1199 1.37266
26.0707 61.14 1.3727
26.0842 61.14 1.37257
26.1027 61.1804 1.37275
26.1148 61.2003 1.37281
26.1283 61.2003 1.37268
26.1414 61.2203 1.37273
26.1395 61.2401 1.37292
26.1521 61.26 1.37298
26.1656 61.26 1.37285
26.1799 61.2801 1.37289
26.1967 61.3004 1.3729
26.2102 61.3004 1.37277
26.196 61.3203 1.37309
26.2095 61.3203 1.37296
26.2214 61.3402 1.37302
26.2316 61.3599 1.3731
26.2451 61.3599 1.37297
26.232 61.3799 1.37327
26.2455 61.3799 1.37314
26.2645 61.4004 1.37314
26.278 61.4204 1.37319
26.2915 61.4204 1.37306
26.3041 61.4404 1.37311
26.3011 61.4601 1.37332
26.3133 61.48 1.37337
26.3268 61.48 1.37324
26.3423 61.5002 1.37327
26.3558 61.5202 1.37332
26.3693 61.5202 1.37319
26.3555 61.5401 1.3735
26.369 61.5401 1.37337
26.384 61.5603 1.3734
26.3975 61.6003 1.37363
26.411 61.6003 1.3735
26.4279 61.6206 1.37352
26.4385 61.6403 1.37359
26.452 61.6403 1.37346
26.4622 61.66 1.37353
26.4602 61.6799 1.37373
26.4712 61.6996 1.3738
26.4847 61.6996 1.37367
18.7422 121.58 1.98015
18.7544 121.58 1.98003
18.768 121.58 1.9799
18.6994 121.6 1.98073
18.7148 121.6 1.98059
18.7283 121.6 1.98046
18.63 121.619 1.98158
18.6435 121.619 1.98145
18.4843 121.707 1.98376
18.4978 121.707 1.98363
18.4412 121.726 1.98435
18.4548 121.726 1.98422
18.4688 121.727 1.98409
18.3457 121.761 1.98558
18.3967 121.766 1.98513
18.4103 121.766 1.985
18.2793 121.781 1.9864
18.2928 121.781 1.98627
18.3052 121.781 1.98615
18.3185 121.781 1.98602
18.332 121.781 1.98589
18.205 121.842 1.98766
18.2185 121.842 1.98753
18.1913 121.862 1.98797
18.1531 121.882 1.98852
18.1649 121.882 1.9884
18.1784 121.882 1.98827
18.125 121.902 1.98897
18.1386 121.902 1.98884
18.1108 121.922 1.98928
18.0702 121.942 1.98985
18.0832 121.942 1.98972
18.0968 121.942 1.98959
18.0427 121.962 1.99029
18.0562 121.962 1.99016
18.0285 121.982 1.99061
18.0013 122.002 1.99105
18.0148 122.002 1.99092
17.9624 122.022 1.9916
17.976 122.022 1.99147
17.9883 122.022 1.99135
17.9489 122.042 1.99191
17.8827 122.082 1.99291
17.8962 122.082 1.99278
17.9085 122.082 1.99266
17.869 122.102 1.99322
17.8438 122.123 1.99364
17.8574 122.123 1.99351
17.8308 122.143 1.99394
17.7914 122.163 1.9945
17.7646 122.183 1.99494
17.7781 122.183 1.99481
17.7516 122.203 1.99524
17.7114 122.223 1.99581
17.7243 122.223 1.99568
17.7379 122.223 1.99555
17.6845 122.243 1.99625
17.698 122.243 1.99612
17.5771 122.299 1.99778
17.5907 122.299 1.99765
17.5644 122.319 1.99809
17.5383 122.34 1.99852
17.5519 122.34 1.99839
17.5253 122.36 1.99882
17.4849 122.38 1.99939
17.4974 122.38 1.99927
17.511 122.38 1.99914
17.4583 122.4 1.99982
17.4718 122.4 1.99969
17.4445 122.42 2.00013
17.4032 122.44 2.00071
17.4172 122.44 2.00057
17.4307 122.44 2.00044
17.376 122.46 2.00115
17.3895 122.46 2.00102
17.362 122.479 2.00146
17.3373 122.5 2.00188
17.3508 122.5 2.00175
17.2935 122.519 2.00248
17.307 122.519 2.00235
17.2125 122.579 2.00379
17.226 122.579 2.00366
17.1986 122.599 2.0041
17.0924 122.68 2.00584
17.106 122.68 2.00571
17.0782 122.699 2.00615
17.0382 122.72 2.00672
17.0513 122.719 2.00659
17.0648 122.719 2.00646
17.0114 122.74 2.00716
17.0249 122.74 2.00703
16.9404 122.823 2.00858
16.9115 122.843 2.00904
16.925 122.843 2.0089
16.8781 122.864 2.00954
16.8916 122.864 2.00941
16.8922 122.862 2.00939
16.8395 122.88 2.01006
16.8118 122.9 2.01051
16.8253 122.9 2.01038
6.62485 128.459 2.15824
6.63843 128.459 2.15811
6.65195 128.459 2.15798
6.31455 128.48 2.16141
6.32807 128.48 2.16128
6.34168 128.48 2.16115
6.54379 128.479 2.1592
6.55724 128.479 2.15907
6.57075 128.479 2.15894
6.26025 128.5 2.16211
6.27392 128.5 2.16198
6.28743 128.5 2.16185
6.30079 128.5 2.16172
6.4625 128.499 2.16016
6.47615 128.499 2.16003
6.48967 128.499 2.1599
6.50346 128.499 2.15977
6.5167 128.499 2.15964
6.53021 128.499 2.15951
6.2196 128.519 2.16268
6.23305 128.519 2.16255
6.24656 128.519 2.16242
6.39479 128.519 2.16099
6.40831 128.519 2.16086
6.42155 128.519 2.16073
6.15196 128.539 2.16351
6.16547 128.539 2.16338
6.17883 128.539 2.16325
6.19234 128.539 2.16312
6.20586 128.539 2.16299
6.0979 128.559 2.16421
6.11146 128.559 2.16408
6.12497 128.559 2.16395
6.13828 128.559 2.16382
6.0306 128.58 2.16504
6.04411 128.58 2.16491
6.05735 128.579 2.16478
6.07052 128.579 2.16465
6.08404 128.579 2.16452
5.98999 128.6 2.16561
6.00351 128.6 2.16548
6.01685 128.599 2.16535
5.9359 128.619 2.16631
5.94925 128.619 2.16618
5.96276 128.619 2.16605
5.86851 128.64 2.16714
5.88203 128.64 2.16701
5.89519 128.639 2.16688
5.82761 128.659 2.16771
5.84113 128.659 2.16758
5.8546 128.659 2.16745
5.77367 128.679 2.16841
5.7871 128.679 2.16828
5.80061 128.679 2.16815
5.7061 128.699 2.16924
5.71962 128.699 2.16911
5.73308 128.699 2.16898
5.74648 128.699 2.16885
5.76 128.699 2.16872
5.65203 128.719 2.16994
5.66539 128.719 2.16981
5.67891 128.719 2.16968
5.69239 128.719 2.16955
5.6115 128.739 2.17051
5.54388 128.759 2.17134
5.55739 128.759 2.17121
5.57082 128.759 2.17108
5.58425 128.759 2.17095
5.59776 128.759 2.17082
5.50341 128.779 2.17191
5.51693 128.779 2.17178
5.55706 128.797 2.17154
5.44916 128.839 2.17296
5.4201 128.867 2.17349
5.43357 128.867 2.17336
5.44713 128.867 2.17323
5.37935 128.887 2.17406
5.39287 128.887 2.17393
5.40643 128.887 2.1738
5.33816 128.927 2.17481
5.3518 128.927 2.17468
5.36536 128.927 2.17455
5.26985 128.946 2.17564
5.28341 128.946 2.17551
5.29687 128.946 2.17538
5.31045 128.946 2.17525
5.32401 128.946 2.17512
5.08447 128.959 2.17755
5.09778 128.959 2.17742
5.11129 128.959 2.17729
5.1391 128.97 2.17711
5.1528 128.97 2.17698
5.16638 128.97 2.17685
5.17972 128.97 2.17672
4.96275 128.979 2.1789
4.97641 128.979 2.17877
4.98993 128.979 2.17864
5.00363 128.98 2.17851
4.89641 129 2.17973
4.90993 129 2.1796
4.92324 129 2.17947
4.85474 129.019 2.1803
4.86826 129.019 2.18017
4.88267 129.02 2.18004
4.80062 129.039 2.181
4.81411 129.039 2.18087
4.82762 129.039 2.18074
4.84098 129.039 2.18061
4.78617 129.081 2.18151
4.79969 129.081 2.18138
4.81335 129.081 2.18125
4.71945 129.079 2.18214
4.7327 129.079 2.18201
4.74622 129.079 2.18188
4.65192 129.099 2.18297
4.66543 129.099 2.18284
4.67882 129.099 2.18271
4.69237 129.099 2.18258
4.70589 129.099 2.18245
4.6153 129.123 2.18353
4.62884 129.123 2.1834
4.55749 129.139 2.18424
4.57083 129.139 2.18411
4.58434 129.139 2.18398
4.51679 129.159 2.18481
4.54219 129.17 2.18466
4.55577 129.17 2.18453
4.44953 129.18 2.18564
4.46305 129.18 2.18551
4.47656 129.18 2.18538
4.43579 129.199 2.18595
4.4088 129.219 2.18638
4.42232 129.219 2.18625
-22.432 129.239 2.44573
4.40862 129.239 2.18656
4.42213 129.239 2.18643
-22.4167 129.259 2.44576
-22.4032 129.259 2.44563
-22.7928 129.294 2.4497
4.39517 129.259 2.18687
-22.778 129.314 2.44973
-22.7642 129.314 2.4496
-22.7499 129.314 2.44946
4.36814 129.279 2.18731
4.38166 129.279 2.18718
4.35456 129.299 2.18762
4.22328 129.498 2.19065
4.23691 129.498 2.19052
4.20969 129.518 2.19096
4.18293 129.538 2.1914
4.19657 129.538 2.19127
4.18289 129.558 2.19157
4.19653 129.558 2.19144
4.16929 129.578 2.19188
4.14195 129.598 2.19232
4.15559 129.598 2.19219
4.12985 129.62 2.19263
4.10245 129.64 2.19308
4.11609 129.64 2.19294
4.10234 129.66 2.19325
4.11599 129.66 2.19312
4.08276 129.673 2.19356
4.05532 129.693 2.194
4.06892 129.693 2.19387
-7.85387 131.279 2.32308
-7.84014 131.279 2.32295
-7.82662 131.279 2.32282
-7.81338 131.279 2.32269
-7.80039 131.279 2.32257
-7.78687 131.279 2.32244
-7.77407 131.28 2.32231
-7.7591 131.279 2.32217
-7.74558 131.279 2.32204
-7.73173 131.279 2.3219
-7.71769 131.279 2.32176
-7.70417 131.279 2.32163
-7.69021 131.279 2.3215
-7.67689 131.279 2.32137
-7.66337 131.279 2.32124
-7.64973 131.279 2.32111
-7.63689 131.279 2.32098
-7.62337 131.279 2.32085
-7.60969 131.279 2.32072
-7.59605 131.279 2.32059
-7.58253 131.279 2.32046
-7.64322 131.318 2.32139
-7.62958 131.318 2.32126
-7.61646 131.318 2.32113
-7.60222 131.318 2.321
-7.58858 131.318 2.32086
-7.57501 131.338 2.32091
-7.56209 131.338 2.32079
-7.54845 131.338 2.32066
-7.53548 131.338 2.32053
-7.4035 131.318 2.31908
-7.45594 131.333 2.31972
-7.44233 131.333 2.31958
-7.47523 131.343 2.31999
-7.46147 131.343 2.31986
-7.4478 131.343 2.31973
-7.32272 131.318 2.3183
-7.30916 131.318 2.31817
-7.29565 131.318 2.31804
-8.94923 131.339 2.33419
-8.93548 131.339 2.33406
-8.92196 131.339 2.33393
-8.90826 131.339 2.33379
-8.89488 131.339 2.33366
-8.88135 131.339 2.33353
-8.86712 131.339 2.3334
-8.85324 131.339 2.33326
-8.83972 131.339 2.33313
-8.82678 131.339 2.33301
-8.81295 131.339 2.33287
-8.79943 131.339 2.33274
-8.73134 131.339 2.33208
-8.71782 131.339 2.33195
-8.7043 131.339 2.33182
-8.66396 131.339 2.33143
-8.65061 131.339 2.3313
-8.63709 131.339 2.33117
-8.44764 131.339 2.32934
-8.43412 131.339 2.32921
-8.42094 131.339 2.32909
-8.40764 131.339 2.32896
-8.39412 131.339 2.32883
-8.38107 131.339 2.3287
-8.36712 131.339 2.32857
-8.3536 131.339 2.32844
-8.34059 131.339 2.32831
-8.32664 131.339 2.32818
-8.31312 131.339 2.32805
-8.29917 131.339 2.32791
-8.28599 131.339 2.32779
-8.27247 131.339 2.32765
-8.2587 131.339 2.32752
-8.24501 131.339 2.32739
-8.23149 131.339 2.32726
-8.21864 131.339 2.32714
-8.20512 131.339 2.327
-8.1916 131.339 2.32687
-8.17762 131.339 2.32674
-8.16452 131.339 2.32661
-8.151 131.339 2.32648
-8.13714 131.339 2.32635
-8.12374 131.339 2.32622
-8.11022 131.339 2.32609
-8.09691 131.339 2.32596
-8.08293 131.339 2.32582
-8.06941 131.339 2.32569
-8.05573 131.339 2.32556
-8.04221 131.339 2.32543
-8.02869 131.339 2.3253
-8.01467 131.339 2.32516
-8.00082 131.339 2.32503
-7.9873 131.339 2.3249
-8.09177 131.363 2.32613
-7.95948 131.339 2.32463
-7.94596 131.339 2.3245
-7.93273 131.339 2.32437
-7.18725 131.338 2.31717
-7.17374 131.338 2.31704
-7.16049 131.338 2.31691
-7.14758 131.339 2.31679
-7.13406 131.339 2.31666
-7.12088 131.339 2.31653
-7.10699 131.339 2.3164
-7.09347 131.339 2.31627
-7.07935 131.358 2.31631
-7.06659 131.359 2.31618
-7.05307 131.359 2.31605
-7.0388 131.358 2.31591
-7.02492 131.358 2.31578
-7.0114 131.358 2.31565
-6.99908 131.359 2.31553
-6.98552 131.359 2.3154
-6.97201 131.359 2.31527
-9.18262 131.405 2.33703
-9.16947 131.405 2.3369
-9.15592 131.405 2.33677
-9.25976 131.419 2.3379
-9.24624 131.419 2.33777
-9.23198 131.419 2.33763
-9.21679 131.419 2.33748
-9.20328 131.419 2.33735
-9.18879 131.418 2.33721
-9.17403 131.418 2.33706
-9.16051 131.418 2.33693
-9.27212 131.439 2.33819
-9.29669 131.458 2.3386
-9.28317 131.458 2.33847
-9.30956 131.478 2.3389
-9.33593 131.498 2.33934
-9.32242 131.498 2.3392
