0.140539
0.107675
0.106826
0.10694
0.103203
0.107167
0.107281
0.105469
0.0949939
0.0951074
0.107735
0.0885967
0.0887103
0.0859363
0.102413
0.102527
0.093977
0.0979409
0.0980545
0.0933551
0.0934684
0.093582
0.101396
0.0966965
0.0968098
0.0978859
0.1057
0.105814
0.10689
0.088714
0.0888273
0.0899031
0.0909789
0.0910923
0.109921
0.105791
0.090503
0.0906168
0.10517
0.102396
0.102509
0.095885
0.0959988
0.0961126
0.0914134
0.0886394
0.0887532
0.129198
0.129313
0.121724
0.124727
0.124841
0.120141
0.11833
0.118444
0.107006
0.119636
0.11975
0.130455
0.111313
0.111427
0.0684774
0.0705114
0.0706216
0.0455454
0.0552737
0.0553839
0.0729619
0.0721101
0.0722204
0.0809887
0.047254
0.0473644
0.0542072
0.069708
0.0698182
0.0621656
0.062276
0.0720058
0.0539929
0.0541032
0.074414
0.0389784
0.041974
0.0420843
0.0314383
0.0411657
0.0412759
0.0481187
0.0674664
0.0675768
0.0367313
0.0483825
0.0484929
0.0591835
0.0321868
0.0322972
0.0487569
0.0527146
0.052825
0.0606303
0.0374801
0.0375905
0.048434
0.063934
0.0640445
0.0604612
0.0480679
0.0481784
0.0540598
0.0357194
0.03583
0.0330554
0.04663
0.0467405
0.0583929
0.0227422
0.0228527
0.028733
0.0519247
0.0520353
0.067536
0.0530408
0.0531515
0.0619188
0.066839
0.0669496
0.0361047
0.0467943
0.0469049
0.0777964
0.078869
0.0789797
0.0471701
0.0694035
0.0695144
0.081169
0.0474354
0.0475461
0.0697796
0.0795103
0.0796211
0.0874282
0.0565784
0.0566891
0.0721905
0.0713392
0.07145
0.0425278
0.0561037
0.0562144
0.0678678
0.0650929
0.0652037
0.0314748
0.0460111
0.046122
0.0382791
0.0287736
0.0288844
0.0376502
0.0541109
0.0542218
0.0437534
0.0352092
0.0353201
0.0354312
0.0297724
0.0298835
0.0057791
0.00588981
0.0117694
0.0301498
0.0302607
0.0246019
0.0583731
0.0584839
0.0480148
0.043317
0.043428
0.0473859
0.0224936
0.0226045
0.0814549
0.0815866
0.0316392
0.103303
0.0955908
0.10343
0.103562
0.067782
0.0679139
0.0613039
0.0324077
0.0363912
0.0365231
0.0568782
0.0623857
0.0625179
0.051093
0.0261887
0.0263208
0.0809435
0.0637378
0.06387
0.0360743
0.0608399
0.0609725
0.0745893
0.0853177
0.08545
0.0688012
0.0438931
0.0440255
0.0220112
0.0393335
0.0500591
0.0501917
0.0433078
0.0434404
0.0532035
0.0995625
0.0996953
0.11139
0.155445
0.155578
0.12487
0.129821
0.129954
0.0951209
0.0952539
0.101168
0.0472124
0.0714241
0.0715571
0.0246206
0.0247538
0.0412431
0.0163408
0.0164739
0.0811188
0.134099
0.102433
0.102566
0.135449
0.11149
0.111624
0.132676
0.132809
0.105961
0.0931511
0.0932849
0.117507
0.124387
0.124521
0.108273
0.142682
0.142816
0.0880225
0.0194252
0.0347562
0.0348792
0.0378872
0.0387943
0.0389174
0.0273231
0.0253455
0.0254687
0.032323
0.0226526
0.0227759
0.0323375
0.0322832
0.0324064
0.021952
0.0905582
0.0661699
0.0497653
0.0498901
0.0605951
0.0547711
0.0548959
0.0404165
0.0307468
0.0308717
0.0569639
0.0549875
0.0551125
0.0415948
0.035772
0.0358969
0.0446776
0.0301997
0.0303247
0.00350953
0.00336107
0.0110363
0.0204772
0.0281436
0.0282922
0.0359592
0.0157295
0.0158783
0.00208661
0.00223544
0.0247195
0.0276328
0.027484
0.0258874
0.0257386
0.0123051
0.00112996
0.00127891
0.022007
0.0236649
0.0238155
0.00743636
0.00629695
0.0110414
0.0108906
0.0224572
0.000445957
0.0312005
0.0313514
0.019781
0.000517057
0.000668133
0.00543093
0.00527986
0.00722993
0.000437729
0.000589162
0.050409
0.0369128
0.0370642
0.0331897
0.0137725
0.00508948
0.00524103
0.01291
0.0465552
0.0467071
0.0386807
0.0388323
0.0234136
0.00931545
0.00916354
0.00564591
0.00549422
0.049313
0.0492873
0.0494392
0.040754
0.0107541
0.00177548
0.00162331
0.0185504
0.0185251
0.0186773
0.0154617
0.0156139
0.0309807
0.0307777
0.0309301
0.0645819
0.0356902
0.0358426
0.0040723
0.0163023
0.040367
0.0402144
0.00954138
0.0277685
0.0276376
0.0429606
0.0157782
0.0156474
0.0708372
0.0707067
0.765817
0.765947
0.730238
0.730369
0.737306
0.117399
0.67311
0.673241
0.133985
0.134115
0.117799
0.11406
0.11419
0.23527
0.2354
0.233026
0.267323
0.241304
0.241434
0.252358
0.252488
0.241399
0.240832
0.233215
0.233345
0.233617
0.233747
0.222659
0.220287
0.220416
0.245865
0.245995
0.228694
0.245558
0.265864
0.265994
0.246752
0.263621
0.292245
0.292375
0.29969
0.316566
0.320976
0.321105
0.329391
0.334642
0.325079
0.325208
0.336145
0.336273
0.0715193
0.0713908
0.0602341
0.0452117
0.0450833
0.0387547
0.0373844
0.0517479
0.0516197
0.031055
0.0309269
0.0352254
0.0473805
0.0404897
0.0403618
0.0516783
0.0515503
0.0597119
0.0234319
0.023304
0.0751948
0.075067
0.0755274
0.0753998
0.0816275
0.0524468
0.0523195
0.0643438
0.056209
0.062844
0.0627167
0.0537428
0.0536156
0.328803
0.298331
0.298457
0.41507
0.415198
0.204076
0.00520759
0.00682178
0.00669484
0.0702008
0.0662215
0.0661091
0.0410593
0.0409469
0.035033
0.0691198
0.0728741
0.0727617
0.0552224
0.0464084
0.046296
0.0558524
0.0815722
0.0737267
0.0736141
0.0580341
0.0733893
0.073277
0.0625041
0.0662588
0.0661467
0.090044
0.0899318
0.105283
0.0671099
0.0669975
0.0765522
0.0764401
0.076328
0.0677359
0.0647236
0.0646114
0.0770665
0.0510718
0.0509597
0.0682499
0.0894041
0.089292
0.0554532
0.0553408
0.0658636
0.0580122
0.0685348
0.0684228
0.0461807
0.0460687
0.0691605
0.0698979
0.069786
0.0725744
0.0627892
0.0684779
0.0683658
0.0625592
0.0624475
0.0662026
0.0738247
0.0737128
0.0641511
0.0746735
0.0745616
0.0763831
0.0636975
0.0673339
0.0672222
0.0738776
0.0795661
0.0794544
0.0620462
0.0619345
1.86197
0.077527
0.783476
0.776772
0.776884
0.779067
0.775285
0.775397
0.739438
0.74539
0.745501
4.77822
0.698801
0.698913
0.691241
0.693299
0.693411
0.0642035
0.0814935
0.0813821
1.09611
1.10599
1.1061
1.08669
4.77066
4.76474
4.76486
0.0721512
0.0594713
0.05936
0.0437777
0.0373762
0.0374875
0.0182474
0.0637294
0.063618
0.0167682
0.0691862
0.0719754
0.0718637
0.0862534
2.38763
2.37591
2.37602
0.077943
0.102964
0.102853
0.0748099
0.0746988
0.0871547
0.0831767
0.0830655
0.31783
0.317941
0.0575733
0.075832
0.0757208
0.0745208
1.15777
1.15788
0.0404449
0.0403339
0.0411898
0.0658743
0.0614399
0.0613287
0.0675844
0.0819205
0.0818093
0.0850537
0.084923
3.8326
0.0744749
3.82257
3.8227
3.81784
0.0748747
0.0747637
0.0828973
2.00891
2.00902
2.01452
2.0761
2.07622
2.07101
2.07112
2.07465
2.06638
2.06649
2.25912
2.24492
2.24503
2.23094
2.23106
1.46347
1.43173
1.43184
0.0812316
0.0859559
0.0858437
0.0789603
0.0662717
0.0661595
0.0486317
0.0833482
0.0832358
0.090862
0.103324
0.103211
0.113738
0.10879
0.108678
0.111467
0.0949134
0.0948015
0.0985583
0.101348
0.101236
2.04452
2.04463
2.05754
2.04289
2.043
2.04491
2.06274
2.06285
2.0797
0.18135
1.45942
1.45953
2.61916
2.6173
2.61741
0.172947
0.173801
0.173689
0.0879842
0.0927081
0.092595
0.0963511
0.0933362
0.0932233
0.108586
0.11621
0.116097
0.103411
0.110069
0.109956
0.120029
0.119917
0.119804
0.11463
0.110649
0.110536
0.112826
0.112714
0.104864
0.0999154
0.0998027
0.0890503
0.0986103
0.0984978
0.0867779
0.0963381
0.0962256
0.105785
0.097935
0.0978225
0.103513
0.10727
0.107157
0.091569
0.0914565
0.0913441
0.101871
0.0920863
0.0919739
0.0995995
0.0965853
0.0964731
0.0915241
0.102051
0.101939
0.105695
0.105583
0.105471
0.116964
0.124588
0.124475
2.64257
0.142622
0.14251
0.13563
0.179738
0.179627
0.172749
0.157171
0.157059
0.148247
0.157802
0.157691
0.173223
0.153778
0.153666
0.172888
0.182442
0.18233
0.151286
0.152141
0.152029
4.90961
4.93288
4.933
4.92606
0.552843
0.56171
0.561823
0.10097
0.100857
0.116219
0.150917
0.150804
0.170993
0.196977
0.196864
0.12544
0.177087
0.176973
0.19091
0.204845
0.204731
