-9.41559 43.62 1.70033
-9.9811 43.64 1.6731
-9.96757 43.64 1.67212
-9.95408 43.64 1.6721
-9.94043 43.64 1.66823
-9.9271 43.64 1.67207
-9.91361 43.64 1.67205
-9.90004 43.64 1.67011
-9.88612 43.64 1.6595
-9.87263 43.64 1.65948
-9.85965 43.64 1.67199
-9.84537 43.64 1.65271
-9.83188 43.64 1.65269
-9.81827 43.64 1.64979
-9.80545 43.64 1.66614
-9.79196 43.64 1.66612
-9.77812 43.64 1.65744
-9.76478 43.64 1.66128
-9.7513 43.64 1.66126
-9.73761 43.64 1.65643
-9.72412 43.64 1.65641
-9.71063 43.64 1.65639
-9.69745 43.64 1.66408
-9.68377 43.64 1.65925
-9.67028 43.64 1.65923
-9.65683 43.64 1.66018
-9.64365 43.64 1.66787
-9.63016 43.64 1.66785
-9.6167 43.64 1.66879
-9.60249 43.64 1.65048
-9.589 43.64 1.65046
-9.57555 43.64 1.65141
-9.56209 43.64 1.65236
-9.5486 43.64 1.65234
-10.2646 43.66 1.67826
-10.1835 43.66 1.67335
-10.1693 43.66 1.65792
-10.1558 43.66 1.6579
-10.1429 43.66 1.67233
-10.1293 43.66 1.66943
-10.1158 43.66 1.66941
-10.1021 43.66 1.66265
-10.0886 43.66 1.66264
-10.0751 43.66 1.66262
-10.0614 43.66 1.65779
-10.0478 43.66 1.65488
-10.0343 43.66 1.65487
-10.6973 43.68 1.7019
-10.6839 43.68 1.70188
-10.67 43.68 1.69416
-10.6567 43.68 1.69703
-10.6432 43.68 1.69701
-10.6295 43.68 1.69218
-10.6159 43.68 1.69024
-10.6024 43.68 1.69022
-10.5884 43.68 1.67865
-10.5755 43.68 1.69115
-10.562 43.68 1.69114
-10.5489 43.68 1.70172
-10.5346 43.68 1.68244
-10.5211 43.68 1.68242
2.96764 45.38 1.52432
2.98115 45.38 1.52622
2.99463 45.38 1.5262
3.00779 45.4 1.50117
3.0214 45.4 1.51077
3.03488 45.4 1.51075
3.08904 45.42 1.52799
3.10251 45.42 1.527
3.11599 45.42 1.52698
3.12959 45.42 1.53562
3.14262 45.44 1.50194
3.1561 45.44 1.50192
3.16968 45.44 1.50863
3.18337 45.44 1.524
3.19685 45.44 1.52398
3.22371 45.46 1.51624
3.23719 45.46 1.51622
3.25081 45.46 1.52582
3.30448 45.48 1.50747
3.31797 45.48 1.50745
3.33174 45.48 1.52763
3.37167 45.5 1.49198
3.38519 45.5 1.49485
3.39868 45.5 1.49483
3.412 45.52 1.48423
3.42563 45.52 1.49382
3.43911 45.52 1.4938
3.45269 45.52 1.50052
3.46646 45.52 1.51973
3.47994 45.52 1.51971
3.49296 45.54 1.48892
3.50662 45.54 1.50044
3.5201 45.54 1.50042
3.53374 45.54 1.51098
3.54681 45.56 1.48403
3.56029 45.56 1.48401
3.57402 45.56 1.50034
3.58757 45.56 1.50417
3.60105 45.56 1.50415
3.61465 45.56 1.51182
3.62777 45.58 1.48872
3.64125 45.58 1.4887
3.69535 45.6 1.4992
3.70907 45.6 1.51457
3.72256 45.6 1.51455
3.77643 45.62 1.51062
3.7897 45.62 1.4981
3.80319 45.62 1.49808
3.81676 45.62 1.50383
3.82994 45.64 1.48554
3.84342 45.64 1.48552
3.85686 45.64 1.48261
3.87056 45.64 1.49606
3.88404 45.64 1.49604
3.89772 45.64 1.50756
3.9106 45.66 1.47196
3.92408 45.66 1.47194
3.93766 45.66 1.47769
3.95154 45.66 1.50075
3.96502 45.66 1.50073
3.97876 45.66 1.5161
3.992 45.68 1.50165
4.00548 45.68 1.50163
4.01911 45.68 1.51027
4.03268 45.68 1.51506
4.04616 45.68 1.51504
4.05911 45.7 1.48424
4.07277 45.7 1.4948
4.08625 45.7 1.49478
4.10028 45.7 1.52554
4.11378 45.7 1.52648
4.12726 45.7 1.52646
4.14018 45.72 1.49471
4.15406 45.72 1.51681
4.16754 45.72 1.51679
4.18123 45.72 1.52831
4.19411 45.74 1.49463
4.20759 45.74 1.49461
4.22147 45.74 1.51671
4.23513 45.74 1.52631
4.24861 45.74 1.52629
4.26224 45.74 1.53397
4.27516 45.76 1.50317
4.28864 45.76 1.50315
4.30241 45.76 1.51852
4.31587 45.76 1.51754
4.32935 45.76 1.51752
4.3423 45.78 1.48864
4.35603 45.78 1.50209
4.36952 45.78 1.50207
4.38321 45.78 1.51359
4.39664 45.78 1.51069
4.41013 45.78 1.51067
4.42297 45.8 1.47699
4.43673 45.8 1.49139
4.45021 45.8 1.49137
4.66572 45.8 1.48145
4.67901 45.8 1.47181
4.69249 45.8 1.4718
4.70615 45.8 1.48043
4.71996 45.8 1.49676
4.73344 45.8 1.49674
4.74671 45.8 1.48614
4.76001 45.8 1.47747
4.77349 45.8 1.47745
4.78697 45.8 1.47743
4.80034 45.8 1.47164
4.81382 45.8 1.47162
4.4764 45.82 1.45095
4.48988 45.82 1.45093
4.50347 45.82 1.45668
4.5173 45.82 1.47493
4.53078 45.82 1.47491
4.54415 45.82 1.46912
4.55829 45.82 1.50276
4.57177 45.82 1.50274
4.58504 45.82 1.49214
4.59843 45.82 1.48732
4.61191 45.82 1.4873
4.62547 45.82 1.49112
4.63845 45.82 1.4661
4.65194 45.82 1.46608
-23.1345 45.94 1.79431
-23.121 45.94 1.79431
-23.1027 45.94 1.74418
-23.1501 45.96 1.81649
-23.2305 45.98 1.80973
-23.2177 45.98 1.81744
-23.2042 45.98 1.81744
-23.2954 46 1.78272
-23.2819 46 1.78272
-23.2678 46 1.77597
-23.3461 46.02 1.74801
-23.3329 46.02 1.75187
-23.3194 46.02 1.75187
-23.3079 46.02 1.77211
-23.4166 46.04 1.77885
-23.4031 46.04 1.77885
-23.3884 46.04 1.76728
-23.3725 46.04 1.74222
-23.359 46.04 1.74222
-23.4725 46.06 1.79812
-23.4573 46.06 1.78077
-23.4438 46.06 1.78077
-23.4275 46.06 1.75282
-23.5381 46.08 1.77883
-23.5246 46.08 1.77883
-23.5124 46.08 1.79233
-23.4999 46.08 1.80294
-23.4864 46.08 1.80294
-23.593 46.1 1.7875
-23.577 46.1 1.76244
-23.5635 46.1 1.76244
-23.5478 46.1 1.74027
-23.6306 46.12 1.75857
-23.6182 46.12 1.76918
-23.6047 46.12 1.76918
-23.6986 46.14 1.76338
-23.6851 46.14 1.76338
-23.6726 46.14 1.77302
-23.7447 46.16 1.82026
-23.7312 46.16 1.82026
-23.7189 46.16 1.83184
-23.8314 46.18 1.87716
-23.8179 46.18 1.87717
-23.8013 46.18 1.8463
-23.7883 46.18 1.85112
-23.7748 46.18 1.85112
-23.866 46.2 1.81735
-23.8525 46.2 1.81735
-23.8396 46.2 1.82314
-23.9153 46.22 1.77009
-23.9042 46.22 1.79419
-23.8907 46.22 1.7942
-23.9401 46.24 1.74791
-23.9266 46.24 1.74791
-23.9959 46.26 1.76525
-23.9798 46.26 1.74019
-23.9663 46.26 1.74019
-24.0404 46.28 1.80574
-24.1269 46.3 1.85974
-24.1102 46.3 1.8279
-24.0967 46.3 1.82791
-24.1676 46.32 1.86166
-24.1517 46.32 1.83754
-24.1381 46.32 1.83754
-24.2349 46.34 1.85971
-24.2214 46.34 1.85971
-24.2052 46.34 1.83271
-24.3121 46.36 1.8211
-24.2986 46.36 1.82111
-24.2875 46.36 1.84523
-24.2747 46.36 1.85198
-24.2612 46.36 1.85199
-24.246 46.36 1.83559
-24.3577 46.38 1.87126
-24.3442 46.38 1.87126
-24.3251 46.38 1.81628
14.9763 50.76 1.40708
14.9907 50.78 1.42245
15.0042 50.78 1.42244
15.0179 50.78 1.42532
15.0314 50.8 1.42627
15.0449 50.8 1.42627
15.0576 50.82 1.41473
15.071 50.84 1.4128
15.0845 50.84 1.41279
15.0984 50.84 1.41951
15.1113 50.86 1.40989
15.1247 50.86 1.40989
15.1388 50.88 1.41949
15.1523 50.9 1.41948
15.1658 50.9 1.41948
15.1786 50.9 1.4089
15.7089 51.3 1.47594
15.9095 51.44 1.45086
15.9219 51.46 1.43451
15.9354 51.46 1.4345
15.9496 51.46 1.44507
15.9627 51.48 1.4393
15.9761 51.48 1.43929
15.9887 51.5 1.42487
16.0015 51.52 1.41525
16.015 51.52 1.41525
16.0302 51.52 1.44119
16.0436 51.54 1.43927
16.057 51.54 1.43926
16.0696 51.56 1.4258
16.0827 51.58 1.42003
16.0962 51.58 1.42002
16.1103 51.58 1.42867
16.1228 51.6 1.41424
16.1363 51.6 1.41424
25.2205 59.98 1.3671
25.234 59.98 1.36711
25.249 60 1.38155
25.25 60.02 1.39116
25.2643 60.04 1.39886
25.2778 60.04 1.39888
25.2921 60.06 1.40659
25.3035 60.08 1.38642
25.3169 60.08 1.38644
25.302 60.1 1.37297
25.3155 60.1 1.37299
25.3261 60.12 1.34611
25.3393 60.14 1.34324
25.3528 60.14 1.34326
25.3395 60.16 1.34517
25.353 60.16 1.34518
25.3679 60.18 1.35865
25.3828 60.2 1.37212
25.3963 60.2 1.37214
25.4074 60.24 1.3491
25.9114 60.92 1.39595
25.9249 60.92 1.39597
25.9366 60.94 1.37965
25.9365 60.96 1.37869
25.9481 60.98 1.36142
25.9615 60.98 1.36144
25.9738 61 1.34993
25.9763 61.02 1.37299
25.9931 61.04 1.40376
26.0066 61.04 1.40378
26.0189 61.06 1.39227
26.0302 61.08 1.37307
26.0437 61.08 1.37309
26.0296 61.1 1.36731
26.0431 61.1 1.36733
26.0564 61.12 1.36543
26.0707 61.14 1.37314
26.0842 61.14 1.37316
26.1032 61.18 1.42315
26.1152 61.2 1.40972
26.1287 61.2 1.40974
26.1417 61.22 1.40591
26.1396 61.24 1.38669
26.1522 61.26 1.37807
26.1656 61.26 1.37809
26.18 61.28 1.3858
26.1972 61.3 1.41946
26.2107 61.3 1.41948
26.1963 61.32 1.41177
26.2098 61.32 1.41179
26.2216 61.34 1.39643
26.2315 61.36 1.36378
26.245 61.36 1.3638
26.2319 61.38 1.36763
26.2454 61.38 1.36765
26.265 61.4 1.42245
26.2785 61.42 1.42247
26.2919 61.42 1.42249
26.3045 61.44 1.41386
26.3012 61.46 1.38407
26.3133 61.48 1.3716
26.3268 61.48 1.37162
26.3425 61.5 1.39182
26.356 61.52 1.39184
26.3695 61.52 1.39187
26.3557 61.54 1.38896
26.3691 61.54 1.38898
26.3843 61.56 1.40438
26.3978 61.6 1.4044
26.4113 61.6 1.40443
26.4286 61.62 1.43809
26.4388 61.64 1.40928
26.4523 61.64 1.4093
26.4623 61.66 1.37761
26.46 61.68 1.35743
26.4708 61.7 1.33344
26.4843 61.7 1.33346
18.7421 121.58 1.97061
18.7542 121.58 1.95226
18.7677 121.58 1.95226
18.699 121.6 1.93778
18.7146 121.6 1.96481
18.7281 121.6 1.96481
18.6293 121.62 1.91075
18.6428 121.62 1.91075
18.4916 121.7 2.74951
18.5052 121.7 2.74951
18.4483 121.72 2.71453
18.4618 121.72 2.71453
18.4759 121.72 2.72133
18.3468 121.76 2.10297
18.4032 121.76 2.65819
18.4168 121.76 2.65819
18.2806 121.78 2.12038
18.2941 121.78 2.12038
18.3063 121.78 2.10394
18.3196 121.78 2.10007
18.3331 121.78 2.10007
18.2073 121.84 2.22291
18.2208 121.84 2.22291
18.1936 121.86 2.22098
18.1556 121.88 2.25582
18.1672 121.88 2.22969
18.1807 121.88 2.22969
18.1275 121.9 2.2413
18.141 121.9 2.2413
18.1131 121.92 2.23066
18.0725 121.94 2.23066
18.0855 121.94 2.22292
18.099 121.94 2.22292
18.045 121.96 2.22389
18.0585 121.96 2.22389
18.0306 121.98 2.21325
18.0034 122 2.21132
18.017 122 2.21131
17.9648 122.02 2.23745
17.9783 122.02 2.23745
17.9906 122.02 2.22002
17.9513 122.04 2.23745
17.8852 122.08 2.25875
17.8988 122.08 2.25875
17.9108 122.08 2.23939
17.8716 122.1 2.25681
17.8467 122.12 2.28586
17.8602 122.12 2.28586
17.8337 122.14 2.29361
17.7944 122.16 2.31104
17.7677 122.18 2.31589
17.7812 122.18 2.31589
17.7548 122.2 2.32461
17.7146 122.22 2.33042
17.7275 122.22 2.32073
17.741 122.22 2.32073
17.6877 122.24 2.33236
17.7013 122.24 2.33236
17.5765 122.3 1.92627
17.59 122.3 1.92627
17.5638 122.32 1.93786
17.5379 122.34 1.95331
17.5514 122.34 1.95331
17.5249 122.36 1.96007
17.4845 122.38 1.96201
17.4969 122.38 1.94752
17.5105 122.38 1.94752
17.458 122.4 1.96877
17.4715 122.4 1.96877
17.4442 122.42 1.96491
17.4028 122.44 1.95333
17.4168 122.44 1.96009
17.4303 122.44 1.96009
17.3755 122.46 1.94948
17.389 122.46 1.94947
17.3614 122.48 1.94175
17.337 122.5 1.97845
17.3505 122.5 1.97845
17.2928 122.52 1.92729
17.3063 122.52 1.92729
17.2117 122.58 1.92827
17.2253 122.58 1.92827
17.1978 122.6 1.92248
17.0919 122.68 1.9534
17.1055 122.68 1.95339
17.0776 122.7 1.94182
17.0377 122.72 1.95051
17.0507 122.72 1.94375
17.0642 122.72 1.94375
17.0109 122.74 1.95342
17.0244 122.74 1.95341
16.9436 122.82 2.33736
16.9144 122.84 2.30734
16.9279 122.84 2.30734
16.8821 122.86 2.42458
16.8956 122.86 2.42458
16.8942 122.86 2.21345
16.8396 122.88 2.01527
16.8117 122.9 2.00369
16.8252 122.9 2.00368
6.62417 128.46 2.08804
6.63779 128.46 2.09189
6.65131 128.46 2.09187
6.31415 128.48 2.12036
6.32767 128.48 2.12034
6.34134 128.48 2.12612
6.54313 128.48 2.09008
6.55653 128.48 2.0862
6.57005 128.48 2.08618
6.25972 128.5 2.1069
6.27347 128.5 2.11558
6.28699 128.5 2.11556
6.30025 128.5 2.10587
6.46171 128.5 2.07859
6.47544 128.5 2.08631
6.48895 128.5 2.08629
6.5029 128.5 2.10174
6.51599 128.5 2.08625
6.5295 128.5 2.08623
6.21899 128.52 2.10018
6.23241 128.52 2.0963
6.24592 128.52 2.09628
6.39392 128.52 2.07095
6.40744 128.52 2.07093
6.42053 128.52 2.05546
6.15131 128.54 2.09641
6.16482 128.54 2.09639
6.17809 128.54 2.08671
6.1916 128.54 2.08669
6.20512 128.54 2.08667
6.09724 128.56 2.09648
6.11083 128.56 2.09936
6.12435 128.56 2.09935
6.13754 128.56 2.08676
6.0301 128.58 2.11397
6.04362 128.58 2.11396
6.05669 128.58 2.09654
6.06966 128.58 2.07526
6.08318 128.58 2.07524
5.98945 128.6 2.11016
6.00297 128.6 2.11014
6.01622 128.6 2.09949
5.93534 128.62 2.1083
5.94859 128.62 2.09765
5.9621 128.62 2.09763
5.86806 128.64 2.12096
5.88158 128.64 2.12094
5.89452 128.64 2.09773
5.82694 128.66 2.09782
5.84045 128.66 2.0978
5.8539 128.66 2.09488
5.77306 128.68 2.10563
5.78644 128.68 2.09981
5.79995 128.68 2.09979
5.7055 128.7 2.10669
5.71902 128.7 2.10667
5.73244 128.7 2.10278
5.74577 128.7 2.09503
5.75928 128.7 2.09501
5.65141 128.72 2.10579
5.66467 128.72 2.09514
5.67819 128.72 2.09512
5.69166 128.72 2.09317
5.61088 128.74 2.10682
5.54323 128.76 2.10401
5.55675 128.76 2.10399
5.5701 128.76 2.09721
5.58348 128.76 2.09139
5.597 128.76 2.09137
5.50281 128.78 2.10987
5.51633 128.78 2.10985
5.57503 128.78 4.03335
5.44841 128.84 2.09544
5.42766 128.86 2.9569
5.44107 128.86 2.95006
5.45463 128.86 2.95004
5.38688 128.88 2.95306
5.40035 128.88 2.94915
5.41392 128.88 2.94913
5.3453 128.92 2.91418
5.359 128.92 2.92
5.37256 128.92 2.91998
5.35459 128.94 6.9534
5.2766 128.94 2.87438
5.29016 128.94 2.87437
5.30354 128.94 2.86656
5.31715 128.94 2.86849
5.33071 128.94 2.86847
5.08385 128.96 2.11335
5.09699 128.96 2.09593
5.11051 128.96 2.09592
5.14968 128.96 3.27313
5.16348 128.96 3.28288
5.17706 128.96 3.28286
5.19021 128.96 3.26332
5.31305 128.96 6.94642
5.32671 128.96 6.94037
5.3405 128.96 6.94035
4.96206 128.98 2.10676
4.97584 128.98 2.11931
4.98936 128.98 2.11929
5.0032 128.98 2.13474
4.89677 129 2.2171
4.9103 129 2.21708
4.92341 129 2.19772
4.85412 129.02 2.11658
4.86764 129.02 2.11656
4.88283 129.02 2.19681
4.79996 129.04 2.11182
4.81341 129.04 2.1089
4.82693 129.04 2.10888
4.84015 129.04 2.09436
4.80922 129.06 4.56894
4.82263 129.06 4.55708
4.83629 129.06 4.55706
4.7187 129.08 2.1042
4.73171 129.08 2.07905
4.74522 129.08 2.07904
4.6512 129.1 2.10817
4.66471 129.1 2.10815
4.67798 129.1 2.09556
4.69157 129.1 2.09941
4.70509 129.1 2.09939
4.61837 129.12 2.50133
4.63191 129.12 2.50132
4.55694 129.14 2.12667
4.5701 129.14 2.10828
4.58361 129.14 2.10826
4.51607 129.16 2.11029
4.55337 129.16 3.34233
4.56695 129.16 3.34231
4.44914 129.18 2.1452
4.46266 129.18 2.14518
4.47616 129.18 2.14419
4.43515 129.2 2.12008
4.40821 129.22 2.12495
4.42172 129.22 2.12493
-22.4327 129.24 2.37815
4.40782 129.24 2.10465
4.42134 129.24 2.10463
-22.4175 129.26 2.36071
-22.404 129.26 2.36071
-22.7558 129.26 6.28197
4.39445 129.26 2.1124
-22.7411 129.28 6.27197
-22.7273 129.28 6.27197
-22.7131 129.28 6.26697
4.36742 129.28 2.11244
4.38094 129.28 2.11242
4.35376 129.3 2.10473
4.24267 129.48 4.19938
4.25631 129.48 4.19936
4.22914 129.5 4.2053
4.20298 129.52 4.26732
4.21662 129.52 4.2673
4.20289 129.54 4.2624
4.21653 129.54 4.26238
4.18932 129.56 4.26636
4.16191 129.58 4.25852
4.17554 129.58 4.25851
4.15166 129.6 4.45156
4.12412 129.62 4.4378
4.13777 129.62 4.43778
4.12388 129.64 4.42401
4.13753 129.64 4.42399
4.09689 129.66 3.6569
4.06914 129.68 3.62561
4.08274 129.68 3.62559
-7.85465 131.28 2.24186
-7.84097 131.28 2.237
-7.82745 131.28 2.23698
-7.81415 131.28 2.24374
-7.80103 131.28 2.2563
-7.78751 131.28 2.25628
-7.77454 131.28 2.27369
-7.7599 131.28 2.23882
-7.74638 131.28 2.23881
-7.73261 131.28 2.23105
-7.71869 131.28 2.21845
-7.70517 131.28 2.21843
-7.69131 131.28 2.20777
-7.67794 131.28 2.21259
-7.66442 131.28 2.21257
-7.65081 131.28 2.20965
-7.6378 131.28 2.22608
-7.62428 131.28 2.22606
-7.61064 131.28 2.22217
-7.59703 131.28 2.21925
-7.58351 131.28 2.21923
-7.62348 131.3 4.36574
-7.60984 131.3 4.36572
-7.59659 131.3 4.3785
-7.58249 131.3 4.36371
-7.56885 131.3 4.36369
-7.55527 131.32 4.36564
-7.54217 131.32 4.38335
-7.52853 131.32 4.38333
-7.5154 131.32 4.40006
-7.40525 131.32 2.13775
-7.44185 131.32 3.77901
-7.42824 131.32 3.77899
-7.44994 131.32 4.93893
-7.4362 131.32 4.93693
-7.42253 131.32 4.93692
-7.32439 131.32 2.14537
-7.31084 131.32 2.14438
-7.29732 131.32 2.14436
-8.95008 131.34 2.24621
-8.93638 131.34 2.24136
-8.92286 131.34 2.24134
-8.90919 131.34 2.23745
-8.89578 131.34 2.24034
-8.88225 131.34 2.24032
-8.86817 131.34 2.22482
-8.85436 131.34 2.21706
-8.84084 131.34 2.21704
-8.82778 131.34 2.2296
-8.81401 131.34 2.22281
-8.80049 131.34 2.2228
-8.7325 131.34 2.21206
-8.71898 131.34 2.21205
-8.70545 131.34 2.21203
-8.66506 131.34 2.21681
-8.65168 131.34 2.22067
-8.63816 131.34 2.22065
-8.44873 131.34 2.21653
-8.43521 131.34 2.21651
-8.42196 131.34 2.22423
-8.4086 131.34 2.22905
-8.39508 131.34 2.22903
-8.38193 131.34 2.23966
-8.36807 131.34 2.22997
-8.35455 131.34 2.22995
-8.34143 131.34 2.24154
-8.32757 131.34 2.23185
-8.31405 131.34 2.23183
-8.3002 131.34 2.22214
-8.28694 131.34 2.22986
-8.27342 131.34 2.22984
-8.2597 131.34 2.22402
-8.24604 131.34 2.22013
-8.23252 131.34 2.22011
-8.21953 131.34 2.23557
-8.20601 131.34 2.23556
-8.19248 131.34 2.23554
-8.1786 131.34 2.22488
-8.16541 131.34 2.23453
-8.15188 131.34 2.23452
-8.1381 131.34 2.22676
-8.12468 131.34 2.22964
-8.11116 131.34 2.22962
-8.0978 131.34 2.23444
-8.08392 131.34 2.22378
-8.0704 131.34 2.22376
-8.05675 131.34 2.21987
-8.04323 131.34 2.21986
-8.02971 131.34 2.21984
-8.0158 131.34 2.20821
-8.00202 131.34 2.20045
-7.9885 131.34 2.20043
-8.06625 131.34 4.96847
-7.96086 131.34 2.18202
-7.94734 131.34 2.182
-7.93404 131.34 2.18875
-7.18899 131.34 2.13745
-7.17547 131.34 2.13743
-7.16215 131.34 2.14418
-7.14909 131.34 2.15963
-7.13558 131.34 2.15961
-7.12231 131.34 2.1683
-7.10851 131.34 2.15861
-7.09499 131.34 2.15859
-7.08102 131.36 2.1431
-7.06807 131.36 2.16242
-7.05455 131.36 2.1624
-7.04047 131.36 2.14304
-7.02668 131.36 2.13335
-7.01316 131.36 2.13333
-7.00054 131.36 2.16426
-6.98699 131.36 2.16327
-6.97347 131.36 2.16325
-9.21785 131.38 7.24718
-9.2049 131.38 7.27033
-9.19109 131.38 7.27031
-9.17703 131.38 7.26324
-9.17728 131.4 2.88982
-9.16405 131.4 2.89856
-9.15049 131.4 2.89854
-9.26074 131.42 2.23694
-9.24721 131.42 2.23692
-9.2331 131.42 2.22142
-9.21825 131.42 2.18657
-9.20473 131.42 2.18656
-9.19044 131.42 2.16623
-9.17593 131.42 2.1401
-9.16242 131.42 2.14008
-9.27333 131.44 2.21276
-9.2984 131.46 2.16153
-9.28488 131.46 2.16151
-9.3114 131.48 2.14801
-9.33791 131.5 2.13451
-9.32439 131.5 2.13449
